102 22 11 5
11 4 7
4 5 3
5 14 2
14 19 7
19 7 1
7 3 9
3 15 5
15 10 6
10 8 7
8 17 4
17 16 6
16 13 1
13 12 6
12 0 5
0 21 8
21 20 5
20 6 2
6 9 8
9 2 6
2 1 6
1 18 3
5 8 6
14 10 4
0 5 2
2 12 1
13 21 6
14 18 7
15 0 4
6 19 4
18 8 5
1 7 8
7 5 8
5 10 3
14 9 2
18 16 2
20 2 4
4 7 8
14 8 9
21 10 3
5 2 3
10 6 6
17 15 2
0 11 8
1 15 6
10 2 6
11 13 1
9 20 2
16 4 9
9 16 5
21 1 9
0 14 9
7 4 7
4 6 2
2 3 7
13 7 9
11 9 3
5 17 3
7 11 3
13 20 3
0 3 6
20 18 9
16 18 8
8 5 2
17 3 7
20 7 7
10 13 8
10 14 5
19 2 8
1 5 4
21 9 8
8 12 4
16 5 5
20 9 4
1 21 3
14 11 3
20 19 8
5 19 8
19 14 9
12 15 3
8 6 1
7 17 5
13 15 2
14 21 5
20 12 6
9 21 1
16 14 8
2 18 5
21 17 6
17 10 5
4 17 3
10 3 1
18 20 7
20 10 1
15 8 1
15 2 6
19 17 8
21 7 6
3 11 8
8 16 9
5 3 4
18 13 1
11 1 4
