834 44 0 17
0 15 4
15 7 4
7 20 8
20 29 2
29 21 4
21 25 4
25 40 4
40 3 7
3 37 2
37 22 3
22 27 4
27 14 1
14 36 4
36 32 1
32 39 4
39 43 2
43 26 4
26 13 8
13 6 1
6 33 3
33 12 1
12 41 8
41 28 4
28 35 9
35 19 1
19 30 4
30 1 4
1 42 7
42 5 7
5 8 5
8 31 5
31 4 9
4 16 7
16 11 5
11 34 7
34 9 7
9 18 3
18 38 6
38 24 7
24 23 8
23 10 5
10 2 5
2 17 2
17 19 4
36 43 4
35 29 3
18 10 8
39 36 5
23 42 9
40 2 3
19 14 2
10 30 8
28 31 9
2 8 9
39 27 7
26 4 2
25 37 6
14 22 6
5 17 6
38 13 9
1 32 8
20 39 6
3 35 3
32 17 5
22 24 3
30 7 3
22 29 2
18 40 2
1 10 5
35 26 8
17 34 8
31 30 6
16 20 1
23 35 3
22 25 8
11 22 2
30 27 3
10 25 1
37 41 2
5 28 4
13 23 2
0 34 9
20 27 4
30 0 4
29 16 5
10 21 4
0 28 2
24 28 1
5 41 1
10 35 1
32 28 2
18 30 9
32 41 7
36 13 8
3 34 9
16 40 7
5 4 4
36 18 8
41 43 2
5 35 1
35 32 1
10 41 8
28 22 2
29 31 8
26 28 3
6 42 3
12 17 5
22 35 7
40 23 5
12 24 2
1 20 6
9 4 3
26 24 7
11 36 9
36 3 9
25 4 7
29 7 9
5 16 4
18 42 6
20 14 4
9 23 3
27 6 6
30 6 7
29 2 5
2 20 6
21 14 8
12 16 4
32 3 3
0 31 6
28 17 6
9 0 9
27 31 9
30 41 3
13 28 7
16 7 8
5 9 7
28 18 8
41 25 4
9 2 3
39 4 7
15 28 8
10 3 6
16 8 3
29 19 5
29 26 1
40 43 4
38 20 9
15 3 8
19 28 8
1 7 1
8 33 8
24 43 8
11 35 7
36 42 1
24 21 4
13 25 1
2 11 9
33 41 3
5 11 7
4 37 3
40 42 8
5 6 5
21 1 7
12 38 8
7 32 7
24 17 6
27 15 9
27 12 1
22 38 6
19 34 1
23 38 8
39 21 6
13 32 6
15 33 2
29 38 2
15 6 6
12 26 5
38 31 3
8 7 4
7 39 8
30 17 9
19 13 3
3 38 8
36 9 5
13 7 7
2 28 4
0 37 9
3 42 8
5 1 3
17 39 5
18 8 7
37 26 5
8 11 6
26 38 8
9 13 7
34 38 9
20 36 4
15 5 8
37 21 1
22 36 6
9 1 7
34 33 8
37 35 1
40 24 6
13 29 8
27 35 9
40 28 1
0 21 7
15 26 1
40 26 7
32 43 7
8 24 8
24 32 1
6 28 7
36 28 1
13 18 6
8 32 5
41 22 5
5 32 4
35 40 3
1 15 2
12 13 5
32 21 1
1 40 7
26 31 6
29 3 4
23 25 7
9 39 6
42 12 8
15 31 6
20 17 1
0 16 5
16 10 1
22 5 7
19 22 2
39 22 9
2 25 3
26 36 7
32 31 5
10 0 5
28 1 3
25 31 5
20 41 4
33 29 3
43 28 9
30 23 6
5 26 6
37 34 7
17 8 2
6 12 1
22 23 5
35 9 7
27 2 9
34 14 3
31 20 5
1 16 9
17 31 8
4 30 7
21 5 7
5 10 6
33 9 2
33 19 4
21 22 1
39 35 9
25 19 3
26 17 3
10 6 2
14 23 6
34 28 6
25 42 8
3 23 3
37 40 7
5 29 2
42 2 3
26 19 4
12 37 7
13 3 6
36 15 4
43 22 7
42 15 3
30 11 9
11 33 8
37 23 9
8 23 3
24 36 6
42 10 2
28 9 2
17 38 8
42 38 5
13 34 6
37 14 4
21 40 8
11 9 8
13 30 4
42 8 9
35 36 3
25 14 7
26 30 4
17 14 7
3 11 1
0 26 4
18 4 3
15 39 5
38 5 8
31 11 1
21 43 3
15 41 9
2 26 4
8 6 9
34 39 4
9 26 3
7 12 3
33 38 5
2 0 9
32 11 6
16 43 5
6 35 1
43 30 1
2 7 9
10 24 7
17 10 4
43 25 8
18 35 3
25 11 6
35 17 2
28 42 2
25 33 6
23 11 5
23 34 1
32 16 4
4 2 9
14 4 2
32 27 5
7 14 8
12 3 9
33 20 4
7 22 3
28 37 7
18 27 5
24 41 8
26 16 8
27 41 3
6 23 1
12 14 3
41 7 8
24 18 1
11 6 8
10 28 2
36 5 9
4 40 6
10 32 7
41 1 4
30 9 6
8 39 8
27 23 2
19 1 1
3 41 8
13 11 3
22 2 4
13 0 7
12 35 3
22 17 2
3 30 1
12 23 6
31 2 4
17 37 9
20 34 1
11 41 2
37 13 3
38 30 9
30 40 4
19 43 8
21 15 5
30 39 4
38 15 3
29 15 5
29 34 6
12 22 8
31 9 8
7 0 6
30 15 5
3 25 5
8 22 1
43 29 7
31 3 7
28 16 1
2 19 7
15 35 3
29 40 1
1 6 9
19 24 1
42 17 9
12 28 1
35 8 3
20 13 2
26 41 5
0 25 3
23 1 7
16 34 6
9 20 6
32 40 6
28 38 5
17 1 6
4 8 8
24 7 2
14 0 1
27 33 1
7 11 2
10 39 3
22 4 7
12 36 6
28 3 3
43 20 3
41 14 4
2 24 4
19 5 8
6 21 1
15 14 4
41 33 4
8 34 3
7 34 2
34 6 8
24 3 1
38 35 1
30 24 8
32 0 6
25 18 7
21 16 6
16 6 4
29 25 3
32 35 7
19 17 3
30 13 4
6 38 9
35 11 6
25 36 7
29 20 4
9 15 2
27 43 1
26 39 3
38 0 6
13 1 8
28 26 5
20 8 7
42 18 1
14 3 7
26 42 3
17 12 6
19 25 9
13 17 9
15 25 9
42 35 1
40 31 9
43 34 6
35 28 8
19 27 3
22 40 8
22 7 2
20 23 4
24 12 3
24 29 8
5 30 8
11 14 9
38 33 3
42 26 1
15 2 8
41 34 1
20 24 7
39 25 3
0 33 3
12 11 9
22 11 9
2 36 2
28 2 8
8 3 6
2 35 3
23 5 7
42 30 9
26 18 8
31 38 1
11 27 5
21 7 6
2 10 1
8 29 6
21 19 8
37 7 9
41 42 2
37 1 6
0 11 7
34 11 3
17 29 6
40 12 4
43 16 4
26 21 7
43 31 7
41 30 6
34 21 1
27 22 4
23 41 7
25 12 8
13 16 7
21 31 8
32 12 3
31 26 4
25 43 5
8 27 5
3 13 5
26 0 9
36 0 6
36 31 6
21 17 7
24 37 3
3 10 5
25 13 1
28 29 9
26 6 8
4 28 2
2 21 8
16 17 8
7 40 2
22 28 7
7 37 3
40 19 1
7 2 6
32 5 8
5 12 3
1 24 6
18 3 3
27 5 3
32 42 7
23 22 5
41 38 4
29 28 8
4 13 1
1 0 7
16 18 3
18 34 4
33 6 4
12 43 9
31 23 3
11 16 6
19 10 4
8 41 1
25 9 1
31 0 9
30 12 8
12 20 9
18 12 3
16 35 3
10 1 2
37 0 9
37 38 2
34 29 7
14 13 1
43 10 9
38 6 6
29 4 9
6 37 7
15 36 3
8 17 8
19 2 4
25 39 1
31 15 2
10 31 4
41 0 1
10 13 2
27 39 2
27 42 2
42 27 2
4 9 9
25 5 4
16 39 4
20 2 9
4 26 4
28 14 9
15 29 9
18 32 6
43 19 4
20 38 3
9 42 2
43 7 1
2 1 7
3 4 6
19 42 5
35 34 1
38 22 2
18 39 9
16 24 8
11 43 8
20 6 8
32 7 1
16 41 3
40 38 3
9 31 4
31 33 7
6 15 9
9 25 1
10 14 6
35 37 1
1 34 6
15 22 4
7 30 8
2 40 2
26 20 2
43 41 6
5 38 4
23 0 3
7 25 4
33 0 2
3 21 7
42 25 6
28 43 3
19 15 5
13 33 4
9 21 2
34 20 7
25 0 8
29 6 5
34 25 7
8 43 6
22 8 6
6 32 6
24 15 7
40 1 2
22 43 7
1 22 5
0 8 1
6 26 5
25 8 4
8 40 9
37 17 7
42 19 6
18 9 6
7 27 6
30 16 8
0 4 2
21 6 7
42 11 5
40 10 5
13 9 7
13 4 4
8 36 6
23 19 3
20 15 1
28 8 5
26 35 5
2 34 9
12 15 8
10 5 8
31 10 4
4 41 5
35 33 3
33 13 1
3 39 4
34 7 3
42 41 5
9 3 3
18 19 5
9 38 4
12 5 9
1 8 1
26 5 1
23 43 1
14 15 4
41 4 5
3 27 1
38 8 8
38 4 7
4 42 9
11 7 6
10 22 2
33 35 1
24 27 1
4 7 6
11 12 5
24 38 5
1 39 8
12 27 5
11 5 1
31 32 8
2 3 2
26 14 5
17 25 6
28 40 6
16 22 1
41 24 2
17 36 2
22 18 3
17 6 5
32 38 7
31 27 2
35 12 4
9 24 4
23 26 1
15 16 9
40 22 8
11 2 9
4 21 8
20 16 9
41 12 6
30 5 2
35 30 4
21 34 3
43 4 4
18 36 4
1 37 9
25 16 4
11 21 7
1 4 6
5 42 7
36 24 4
35 16 6
19 4 4
24 16 1
34 18 9
17 33 7
6 13 3
22 26 5
28 6 7
24 1 6
30 38 2
22 42 2
6 30 8
42 1 8
8 1 7
43 42 9
22 16 3
14 5 1
17 15 1
25 28 6
30 21 7
21 28 8
25 23 3
31 42 2
16 13 1
37 30 1
8 14 8
42 21 1
4 35 4
13 15 2
21 33 9
29 1 3
33 5 9
26 9 9
21 8 1
6 31 2
22 30 1
14 41 4
2 32 6
12 4 3
11 13 4
11 1 5
25 20 5
38 1 9
43 35 2
35 27 4
5 43 9
3 40 1
16 5 3
18 21 2
33 25 9
13 40 1
23 33 1
2 30 8
14 24 9
15 40 6
39 24 5
11 40 3
14 7 2
43 1 2
30 43 2
33 2 5
39 20 6
14 37 3
32 26 5
32 10 4
28 36 7
10 40 9
33 18 5
4 24 6
5 21 2
40 35 5
27 29 8
42 13 9
20 43 8
25 24 7
24 11 7
36 34 8
10 42 6
30 25 1
14 16 1
27 13 4
14 19 8
1 43 4
14 25 4
25 34 5
41 27 7
43 0 4
10 29 9
0 7 5
23 17 8
32 20 6
32 15 2
3 14 8
24 0 4
17 41 7
13 37 3
14 31 4
3 24 1
26 29 5
25 27 1
34 32 5
35 14 5
2 27 5
14 18 7
21 38 7
43 13 1
7 18 2
16 28 8
38 3 3
43 21 8
16 1 9
24 14 3
40 16 6
42 24 5
11 28 8
29 24 5
18 6 8
22 31 7
16 15 3
1 2 1
37 18 3
41 32 7
3 20 8
